0	9.864079962335673413e-01,2.515271329477590870e-02,3.554819884724109980e-02,1.509889754718195531e-01,3.198610939220057799e-03,4.790646838513677730e-02
0	9.883015097935972104e-01,6.021548585003518722e-02,1.318527254652515357e-01,1.215274600615277693e-02,4.194067982574529313e-02,1.850324109959351412e-02
0	9.361997354768711865e-01,3.153722419489760065e-01,1.437366194599803693e-01,3.339516636663716898e-02,3.357438908416831430e-02,3.417179814260547233e-02
0	8.731822164759668325e-01,3.727850496477352893e-01,2.190592559785660975e-01,6.237719704652826963e-02,1.556966371777482872e-01,1.498826488274399571e-01
0	9.404570324182691676e-01,1.514019091511263904e-01,2.317531104139473053e-01,1.939184502917686292e-01,1.141999356530644036e-02,3.425998069591931761e-02
0	9.666714652392656149e-01,6.604178711541899838e-02,1.845017104765885041e-01,1.542156762012659721e-01,3.595833500916217895e-02,4.547969695525019840e-02
0	9.613390156820309507e-01,1.399886758940083187e-01,1.741995719286284217e-01,5.548840454395698868e-02,2.766397033943951769e-02,1.484611679701243747e-01
0	9.471834280644605419e-01,8.962911863365576048e-02,2.916397054398635058e-01,4.047335759463144278e-02,3.610989329950065746e-02,8.254962044053541781e-02
0	9.933750790296640432e-01,1.536535755189174721e-02,4.697588863001669196e-02,1.018701210291064335e-01,3.487841898282175845e-03,1.932452943642827201e-02
0	9.878056171240174876e-01,8.036939947821784835e-02,3.741060804114282323e-02,1.131124881545288313e-01,1.285769485406509580e-02,5.849370494568518347e-02
0	9.830479502273641312e-01,9.715123352912037255e-03,1.578926353932730980e-02,1.750822770735607214e-01,3.711002073544778478e-03,5.104378323800270317e-02
0	9.377374289313435973e-01,1.805304029847416558e-01,2.034042702988103912e-01,9.459392140240376057e-02,1.530999883969540523e-02,1.936532591330520081e-01
0	9.993910194149027149e-01,6.680358798500962356e-03,1.100156990941941748e-02,3.242076228083683870e-02,7.474527326994084278e-04,5.138737537308432331e-04
0	9.943443231165438601e-01,3.632475571532761682e-02,7.925401246980570691e-02,5.185756371481114319e-02,2.721299039279594101e-02,1.577741914908169230e-02
0	9.846268157910150753e-01,9.177266007908360668e-02,1.357620960556881196e-01,5.574092602504533700e-02,1.789557618400360040e-02,1.513813993641669603e-02
0	9.090947915845745131e-01,2.857373054539850132e-01,1.579375760453268496e-01,2.058783700623060819e-01,1.559029534875770451e-01,1.627698046199825554e-02
0	9.955111751991192470e-01,1.582767307913340860e-02,8.903066107012543029e-02,2.576943023196408278e-02,1.078260228515963599e-02,4.451533053506271601e-04
0	9.736950109939784825e-01,6.229015813395655937e-02,1.780586270485282896e-01,1.227445147359669947e-01,1.060528423455030060e-02,3.397644989124903175e-02
0	8.608419212064871706e-01,4.574363956372990425e-01,2.019836858525392020e-01,3.062061440601776541e-02,7.303999766573045227e-02,5.131528041130806184e-02
0	9.852734100311486554e-01,7.962434157661586742e-02,8.538781850788668137e-02,1.198883528908945145e-01,2.090515500157809001e-02,2.819484882057217770e-02
0	9.234589825485991499e-01,1.476012610300092009e-01,2.868232008791957166e-01,9.790321816444003122e-02,1.240043220725199624e-01,1.349359652222139605e-01
0	9.828220247105030616e-01,9.451464965905380378e-02,1.418202455047497812e-01,1.284009030097462388e-02,6.243855941470178444e-02,3.084517933204054124e-02
0	9.909898480853236435e-01,5.254287715890204602e-02,7.060109166900088717e-02,8.833295290482082174e-02,7.397340883654945735e-03,4.833654606819628996e-02
0	9.942519744560029960e-01,5.865389813620140724e-02,7.169284779475930403e-02,4.198114283509458977e-02,1.834003083121749436e-02,2.800167877493580162e-02
0	9.594927471919985074e-01,5.611928095862835780e-02,1.183005464397926670e-01,1.825483975536396908e-01,3.384608025082577742e-02,1.666127261193974529e-01
0	9.471808938392171084e-01,1.272707491130506130e-01,2.364133093687074971e-01,1.520527301353304106e-01,2.047059528278728086e-02,8.497164177913194005e-02
0	9.834823724018847413e-01,1.667357419369734986e-02,7.354467997064954854e-02,1.625996615168315007e-01,2.152054343605122946e-02,1.318375633920255453e-02
0	9.862952341727486694e-01,8.157288720036992569e-02,3.999616439742276208e-02,1.286413807343764759e-01,5.625716358646201502e-03,4.886336494366987082e-02
0	9.815773694812391925e-01,1.403372826676856922e-01,1.173989044854548414e-01,4.245737079692420146e-02,1.617084424647952101e-02,3.105941890513247081e-02
0	9.274207450668254804e-01,1.007653086905728607e-01,3.456231997366956410e-01,3.591007859080559000e-02,8.719726892074707025e-02,3.726688256778817182e-02
0	9.721221607408099263e-01,5.349272864425918400e-02,2.188506299266851640e-01,1.238342857599459591e-02,6.113454702201049501e-02,1.818384493501065333e-02
0	9.244823376280827398e-01,2.381018855432181780e-01,2.424750779530626399e-01,5.616654348065292651e-02,1.190245982390196605e-01,1.119115744398750667e-01
0	9.312358260203510429e-01,3.144258895327334824e-01,1.441676153070299282e-01,8.685736451985794082e-02,7.314304380619615631e-02,1.605579010379915711e-02
0	9.749396918669177570e-01,5.434387830437716754e-02,1.433875417002036020e-04,2.106362987575990942e-01,1.433875417002036020e-04,4.660095105256617520e-02
0	9.314552871421679647e-01,1.415314105680865187e-01,1.579035909492896572e-01,2.799507537909856625e-01,8.023721459548308066e-02,5.114615028177505601e-02
0	9.273476460783265374e-01,2.366986494416710163e-01,1.767158353949956628e-01,2.218697073890712190e-01,4.689845341202846657e-02,3.668752099518638593e-02
0	9.061618069122558961e-01,3.894874969490075833e-01,1.629293508952599501e-01,4.494358723652913147e-03,2.236562766416252956e-02,1.019193159379558344e-02
0	9.671401188374734170e-01,1.732098792280986899e-01,1.855273501262887648e-01,8.017288750301223080e-03,3.644222159227828426e-04,1.239035534137461654e-02
0	9.588392080343632884e-01,1.046476007282534787e-01,1.840907154938722923e-01,1.866735073416334323e-01,2.680759814400365468e-02,1.487331857159006863e-02
0	9.070046467677940205e-01,1.073385941713777686e-01,3.896041373482215797e-01,5.567623099359763489e-02,7.898256024673153131e-02,6.849471208282127688e-02
0	9.783669301085844427e-01,5.873051588354694791e-02,9.516990008858994265e-02,1.629593690286978425e-01,4.773762902839431138e-02,3.816974602483553386e-02
0	9.866148096751788943e-01,7.387558434043808853e-02,8.427393914203525072e-02,1.096553779077519830e-01,2.599588700399292629e-02,3.648877230378643616e-02
0	9.200567391615049884e-01,1.068597044790607353e-01,1.726129793545345126e-01,1.342285481933992719e-01,3.357840266118147093e-02,3.051828097470647982e-01
0	9.511906578716511351e-01,1.465133056374740561e-01,2.035755784795976742e-01,1.315029487251885287e-01,1.734020874854359101e-02,1.213814612398051440e-01
0	9.377335398074997386e-01,1.285208642352290986e-01,1.233448719825944867e-01,2.852655352819940537e-01,8.213225442388120967e-02,2.832146704271765528e-02
0	9.595297916521052795e-01,6.705932534370777354e-02,2.483908420823580376e-01,1.083802737924895593e-01,1.155125951007220618e-02,3.504140468827272870e-02
0	9.489382161242074787e-01,4.958940612100198875e-02,1.362876631312101572e-01,2.784827890721369714e-01,5.741055406626068870e-03,2.995333255630992439e-02
0	9.385895488434666811e-01,5.864301877870808921e-02,1.490510060625497291e-01,3.017169927347458369e-01,2.476931158461414748e-02,4.180658130970685282e-02
0	9.516351232517292758e-01,1.438926299838785006e-01,2.325094325959012331e-01,9.016911522441917182e-02,1.006303523949169110e-01,3.698553528666295720e-02
0	9.620689066166245862e-01,6.258663445879626697e-02,2.450384011848334986e-01,5.616749246302228660e-02,8.579430167428679296e-03,8.505363144400518438e-02
0	9.289122248229300105e-01,1.514369423525927516e-01,1.407472758335862051e-01,2.988157705637107808e-01,2.246809536865265050e-02,6.770122128704146591e-02
0	9.743383396976590394e-01,8.443933695080377277e-02,1.167015364461580496e-01,1.669867547953984843e-01,1.991493796009522962e-02,4.042732405899331777e-02
0	9.877022906363341903e-01,9.046933688016139952e-02,7.427362573720976135e-02,9.254692081686657912e-02,1.090731566770213219e-02,4.537632189031060026e-02
0	9.548920550905017901e-01,1.331580730063586793e-01,1.368748638791089933e-01,1.839003483995584609e-01,1.365516646727828708e-02,1.330772732047771634e-01
0	9.606924300365965452e-01,7.612878560324383426e-02,1.332666593965678437e-01,2.132761965435779061e-01,1.585328290219394434e-02,8.818388614345382126e-02
0	9.522754309672396555e-01,1.513694496516009846e-01,1.143020724384420511e-01,2.123789228227255521e-01,3.858436951903554402e-02,1.029576082379734803e-01
0	9.801644118973024122e-01,5.866645781695226103e-02,1.086415885499115858e-01,1.387896293725120467e-01,6.409853724444783754e-03,6.877012555209403855e-02
0	9.440940783006996906e-01,2.037307561434290037e-01,2.320639910933019745e-01,6.960001622115798148e-02,4.688410541511862928e-02,7.927277438102758866e-02
0	9.365153702067441355e-01,6.670169647691288894e-02,2.513299736103603021e-01,2.283670944953574700e-01,2.321521844593689432e-02,5.130899728993298936e-02
0	9.871086051455868482e-01,3.297697997867551217e-02,7.496673626508226773e-02,1.355759102724996557e-01,2.095994490170053834e-02,9.431975205765242079e-03
0	9.282062660998917636e-01,2.094341713808132999e-01,2.787194149078257022e-01,1.260260364873835026e-01,2.575350778581996306e-02,1.844283460790977977e-02
0	9.367270760853007028e-01,5.741481662794224033e-02,1.338481040742169337e-01,2.817728715887744539e-01,7.131177798181036198e-02,1.298048071285871907e-01
0	9.935571899294126652e-01,8.077950602009041636e-02,6.781995305681655373e-02,2.648256475103788476e-02,2.458729415957095800e-03,3.180981181894492610e-02
0	9.550344329160733725e-01,9.007781498550025689e-02,1.125139074541256501e-01,2.545138897237059217e-01,1.957799151720814729e-02,4.444346979453820540e-02
0	9.455726815798058960e-01,2.347338449393457649e-01,1.881108467720825905e-01,9.664558995088926019e-02,7.705745530422661305e-02,1.133197872120979451e-02
0	8.889333018337663983e-01,3.164142519622872851e-01,2.339445799082869037e-01,2.092597801098105836e-01,4.361916328026212153e-02,9.621461739633381527e-02
0	8.774269480515382025e-01,1.784009711967226575e-01,3.649574153624383643e-01,4.791340369283408375e-03,8.563246617442687308e-03,2.549604736931447846e-01
0	9.673018281788361428e-01,6.764348448803049474e-02,1.923329742276334020e-01,1.362452516729747709e-01,9.808305250764422917e-03,6.403583198200220317e-02
0	9.842701915351246278e-01,1.620032005392729041e-02,1.974665877219992927e-02,1.604718270018369863e-01,2.014965180836727609e-03,6.931480222078342801e-02
0	9.853281480872024822e-01,9.793931843181347130e-02,1.230449601495019613e-01,3.387150870714847328e-02,1.298738933565883429e-02,5.550060261032025571e-02
0	9.767873064043315345e-01,5.299908585706967351e-02,1.074135775678889820e-01,1.712641083037058642e-01,6.447960000415004812e-03,4.655112585665466957e-02
0	9.884493392011312052e-01,5.292972508101870949e-02,1.064790288837215854e-01,9.054700461184304883e-02,4.469817920721480022e-03,2.469463762141173996e-02
0	9.859671267169157760e-01,4.490868299775799960e-02,8.098331934004959765e-02,1.309244004325624544e-01,1.367499482270340995e-02,4.433433321520445503e-02
0	9.526683435830535229e-01,2.209042691897949717e-01,1.658027532394311387e-01,1.168789841044787919e-01,2.212031924227987612e-02,4.453956171756353472e-02
0	9.721755696356976229e-01,4.428775730084837797e-02,9.056482935520449029e-02,2.108928679071207790e-01,9.921069732237270192e-03,1.170635220333395010e-02
0	9.121108648886215864e-01,8.855713691230202023e-02,2.636440881437003836e-01,2.903678859632295994e-01,2.230054852526231965e-02,7.676180546092359336e-02
0	9.753528882444270076e-01,5.486189193473486186e-02,2.080379339243682013e-01,3.313576287465306441e-02,6.832116056629497156e-03,3.539036117334079523e-02
0	8.954159285471016139e-01,2.142029703046570699e-01,2.849968540208727696e-01,1.550100977343313036e-01,7.035835087456110415e-02,2.052943439980862983e-01
0	9.436076458791630150e-01,1.209906719578901502e-01,1.722173650273757517e-01,2.403867386840453368e-01,3.169277898073234734e-02,8.072688985658238447e-02
0	9.758828769078006227e-01,1.419394116519398230e-01,9.914013223321423152e-02,1.285461036583201433e-01,2.312940273436902075e-02,2.485916575937525269e-02
0	9.973390583089520867e-01,2.182680960470054915e-02,3.559231371824819745e-02,4.049509600526516456e-02,9.664138161908451125e-03,4.287577394271090830e-02
0	9.321281967048766770e-01,2.613153297759031046e-01,1.393090213066783822e-01,1.535061190194609015e-01,3.105615124671174190e-02,1.375343840925805639e-01
0	9.748120221259851670e-01,1.329140460954171543e-01,1.621525198181787142e-01,3.767642251523636160e-02,6.246698524661584151e-02,2.145462948784292861e-02
0	9.901103664368036128e-01,5.848311253748201405e-03,9.514416815799313018e-03,1.377844673737542713e-01,3.927970245054762210e-04,2.391697438100010703e-02
0	9.834353315192511102e-01,1.086219647491053208e-01,1.287410042851680203e-01,4.545026548043178821e-02,2.668639441052875552e-02,4.128051635378666984e-02
0	9.259648860285497607e-01,2.358778986878357908e-01,2.724753197382332459e-01,9.024021628865130928e-02,5.890680785509182574e-03,6.730416131528577095e-02
0	8.947240929886431937e-01,1.830633898194223841e-01,3.679730357037420130e-01,1.661630458407480082e-01,2.826191976265714223e-02,4.629842131972979058e-02
0	8.783983245806291640e-01,2.762311935982668110e-01,3.266497130781478297e-01,1.005774841619247288e-02,1.615728616536726489e-02,2.122509359313908550e-01
0	8.864732417285103860e-01,2.152928261134894605e-01,3.674565641960375051e-01,1.146383996992155208e-01,4.828997968900698018e-02,1.315901946525440125e-01
0	9.046687398821487980e-01,3.946367602922490891e-01,1.545253659188409734e-01,9.559191069560215095e-03,1.518749983014239680e-03,4.318014657589504951e-02
0	9.562976540118413027e-01,1.846700729423449705e-01,2.130987293055331688e-01,7.733317512057091836e-02,5.164151927917923993e-04,7.746227891876887074e-05
0	9.961018073373058002e-01,4.854747947011563147e-02,6.031446377977699169e-02,2.774141684006607364e-02,2.559145703496095228e-02,1.902598838281198412e-02
0	9.908715107920998966e-01,3.614604700579929913e-02,1.929809917011227408e-02,1.139194074047203686e-01,2.349114165995342274e-03,5.925829928414057257e-02
0	9.758079738605808240e-01,1.905798013430368976e-01,1.030385219118730850e-01,6.115968604427074636e-03,2.674440508376585077e-02,1.041787872449018680e-02
0	9.287191193491866059e-01,2.314326444922158998e-01,2.602421833985299471e-01,1.106955727271652506e-01,8.726540830543264016e-03,6.216166071071914379e-02
0	8.917678236830426375e-01,3.268426457984247580e-01,2.623074539508852276e-01,1.246129980719757613e-01,1.048454618303870656e-01,5.096923560331201308e-02
0	9.963121834672803434e-01,4.487977363600568342e-02,5.170726187930591716e-02,2.505500272770728662e-02,3.539019135288654430e-03,4.509900490987311938e-02
0	9.845247541996737795e-01,1.107400725062807206e-01,1.070993029992249185e-01,5.175960649197668823e-02,1.031551360332477914e-02,6.474501773380905711e-02
0	9.718350464199584371e-01,7.072111723151608409e-02,1.617145897307096514e-01,1.548023871712471133e-01,1.815742761888669912e-02,9.491382618963501577e-03
0	9.662113335834605632e-01,8.543669348406805752e-02,2.128150364966786279e-01,1.165045820237291668e-01,1.087376098888138964e-02,1.242715541586444580e-02
0	9.694387015087123638e-01,7.450927059364773064e-02,1.349457799770750199e-01,1.842549897989326779e-01,4.423647031584795886e-02,2.280005498400055133e-02
0	9.794656973946577194e-01,4.253751621305414121e-02,2.229280942276726241e-02,8.602031056417613897e-02,2.363195345169674427e-04,1.759005068587961018e-01
0	9.476704918421262613e-01,1.263810420694777281e-01,2.379010722750544427e-01,1.664058681399002704e-01,1.448636450598756592e-02,3.808914805453627456e-02
0	9.871817291161393282e-01,1.067739150103426266e-01,9.398365781850144540e-02,4.593186284362852506e-02,1.031700303872271594e-02,5.497690660360460974e-02
0	8.930276740133950009e-01,2.247902538124700311e-01,3.557997416219086939e-01,4.501081068710893057e-02,1.355600313074760699e-01,7.053342421957949082e-02
0	9.542171715089624584e-01,1.207350010430517095e-01,1.319050419558782661e-01,2.288215734054027672e-01,1.297695929578378954e-02,7.046981693533221902e-02
0	9.663009285374632995e-01,1.473164299027973356e-01,1.383817455942344399e-01,1.559970473589840090e-01,3.243586815336094858e-02,4.869614670543745936e-03
0	9.766448142761318119e-01,1.407145612970762960e-01,6.331280167813102544e-02,9.660999730844044286e-02,7.788305942437680554e-03,1.138492812484429434e-01
0	9.423809601528022606e-01,2.489493692115725409e-01,1.524937777180145893e-01,1.407046676156135379e-01,4.157698986933745788e-02,7.184382849289314144e-02
0	9.925543835695923578e-01,2.149174568063929452e-02,1.006105111354673315e-01,6.483950391786091894e-02,3.132695133110134471e-03,6.119683515843053062e-03
0	8.930662445273116479e-01,2.368433079060450752e-01,3.649105312091084352e-01,8.867439385667806595e-02,3.031464652869981374e-02,6.630315738095306222e-02
0	8.992738235356502186e-01,1.280519360374388627e-01,3.763107290270189531e-01,1.019860281088692949e-01,4.491940444001066984e-02,1.445012954098371383e-01
0	9.494993723321365486e-01,2.238736886160570261e-01,2.073777326127686227e-01,5.105891143874984744e-02,3.947246615072584619e-02,3.407200436393499621e-02
0	9.711838445471637771e-01,1.188644906240056143e-01,1.447708539651350323e-01,1.337987471383037530e-01,4.388842730732515213e-02,4.343125618954050970e-02
0	9.813264576986285848e-01,1.001569255851188223e-01,7.362458962536702622e-02,9.518871925002586609e-02,1.289619516768812299e-02,1.109918436563322036e-01
0	9.814411753020696461e-01,1.355210184320176925e-01,9.309277653094275018e-02,8.950356639683577920e-02,5.289362302894473969e-03,4.125702596257689592e-02
0	9.407425096240211726e-01,1.974139988883656105e-01,2.494186090133257427e-01,5.671769528561562690e-02,9.656468800752121551e-02,3.577660099224857365e-02
0	9.497001445503171491e-01,4.263813381174838546e-02,1.982404117614949557e-01,2.214432110868222725e-01,8.790751290781224914e-02,1.369443568427823436e-02
0	9.843260588403406341e-01,5.134155238724049525e-02,1.555533453591629034e-01,3.094661472869252722e-02,3.534625393108496022e-02,4.541322498740662378e-02
0	9.163310420834641645e-01,1.271879048948656998e-01,2.591516402106848194e-01,1.622525545644976364e-01,3.016313950075866224e-02,2.230815525576942682e-01
0	9.789814355962690451e-01,8.002646960233300577e-02,1.110062080043209137e-01,1.373742515478692805e-01,7.053180371731045291e-03,6.282756054203500473e-02
0	9.206973151473938355e-01,2.116823572877016280e-01,2.776136480757989133e-01,1.654914411379340977e-01,5.508578851644576474e-02,3.979285006145515460e-03
0	9.856234024632031243e-01,6.005255430799184141e-02,9.231660740116209851e-02,1.179007323176925470e-01,3.740759778918290295e-03,5.003266204303213893e-02
0	9.664689929508858413e-01,8.755884882521773604e-02,1.991664861745089110e-01,1.041671281926717790e-01,9.300636445774265737e-03,8.755884882521773604e-02
0	9.193896183800627231e-01,2.351404205367936262e-01,3.014118804105615501e-01,4.785466467908843641e-02,5.517787851634287782e-02,5.699055520873259201e-02
0	9.363688906832828840e-01,8.006075103666590587e-02,3.221661716537721487e-01,1.011443651886704542e-01,3.910440597787329109e-02,3.540052781603465759e-02
0	9.861384564251602924e-01,6.761137248427645519e-02,1.457822739295803471e-01,2.423373912638672814e-02,1.078743246378343484e-02,3.167858688308233805e-02
0	9.158073268851074644e-01,1.586507213081103373e-01,2.249752921842348985e-01,2.500377627719386209e-01,1.907565091569954005e-02,1.504335178367320613e-01
0	9.556330326540722897e-01,7.529620824185115358e-02,2.670032566349154202e-01,9.822366180071888386e-02,1.196355171637120997e-02,3.772872104623804877e-03
0	9.097641135047880301e-01,8.639334951637825388e-02,3.210250438736640399e-01,2.435871025388615940e-01,4.372346347475240813e-02,2.370549224534769170e-02
0	9.496480215768239308e-01,1.949897874391103292e-01,3.012739550583439993e-02,2.354306083879200984e-01,1.422541440410393307e-03,6.172813750352242057e-02
0	9.052670812065646277e-01,1.321557782783306101e-01,3.896004169440589471e-01,5.389882721939757981e-02,3.329807354659898577e-02,8.499430446135772255e-02
0	9.743549027515183703e-01,1.334979245762165645e-01,1.598151228498767840e-01,6.461209576161451584e-02,1.973789870524516460e-02,5.201582992123013338e-02
0	9.833078602981246696e-01,6.343490881999309938e-02,7.812509823093886918e-02,1.485044602270154390e-01,9.615396705346323028e-03,2.884619011603896735e-02
0	9.882145646335910305e-01,5.341306692385042881e-02,7.863185816331544342e-02,1.090941604525702269e-01,1.722867916359491561e-02,4.687948569514414215e-02
0	9.877222631084615623e-01,7.135816903439123893e-02,9.806300297619006956e-02,8.780105640211603724e-02,1.632402312169305494e-02,4.148362186507919408e-02
0	9.661555603307966367e-01,3.493342007341133232e-02,1.544703886098947321e-01,1.988925525272220440e-01,3.106370889684224867e-02,3.063963095968399303e-02
0	9.277843288032324720e-01,2.535352110674449211e-01,1.855568657606464777e-01,1.855568657606464777e-01,4.490121118575013393e-02,6.369706703094786537e-02
1	7.083327097023583985e-01,5.398737583776124227e-01,4.227408333774987370e-01,1.196489066826937273e-02,1.495052226493098213e-01,7.480852202871224321e-02
1	8.745317790739727259e-01,2.050035047234547159e-01,4.178475310452057778e-01,3.596185906418583600e-02,1.239325113970706632e-01,4.380238066248216822e-02
1	5.849968007513157708e-01,4.163213869820731605e-01,6.376438403803743604e-01,1.399021586081835578e-01,2.262219240913608265e-01,8.435997720595340976e-02
1	7.939357684706598306e-01,1.348475121477846206e-01,5.719329988182044744e-01,4.086571623341323650e-02,1.502306021258086044e-01,1.164252098640720240e-02
1	8.401199414018644118e-01,2.386486172405108686e-01,4.457367303235701961e-01,5.076268297399767065e-02,1.681421555346285512e-01,8.783765899671371058e-02
1	5.687826707374861179e-01,4.385182386226525453e-01,6.202791890011453146e-01,1.226487498364051271e-01,2.567572882441597759e-01,1.359217960930947378e-01
1	7.501768654426925753e-01,2.370527227450450192e-01,5.160646821973475795e-01,1.570926678878184768e-01,2.103616719016143666e-01,2.139807974397066603e-01
1	6.827779376941394140e-01,2.849351200712565979e-01,4.782895521284163953e-01,1.841806816310901929e-01,1.664604457653488523e-01,4.027825293907664195e-01
1	7.118033357998180266e-01,3.344794650482371678e-01,5.523221475680555326e-01,1.418951545024222660e-01,2.353425102014658210e-01,2.965488040633855113e-02
1	6.301303398656235011e-01,6.436121982999577495e-01,3.716303585812141819e-01,5.509976925336614734e-02,1.328646918166275816e-02,2.176636274760634093e-01
1	8.214979607350831881e-01,3.409467193101230476e-01,4.031203179568947359e-01,8.195363046866310786e-02,1.044036941342809249e-01,1.696287577453113316e-01
1	7.670383477245471537e-01,2.560705459133956197e-01,4.470234959587800483e-01,3.235347218126866098e-01,1.507677670097197775e-01,1.372749318298615850e-01
1	6.974174536891427634e-01,1.502756000276800064e-01,6.689299026307360396e-01,2.878900662516236872e-02,2.012215908093809569e-01,4.732852398063341903e-02
1	5.682502154814961237e-01,4.289338024450143338e-01,6.571983868817115049e-01,1.500330601931343100e-01,4.795699602601971590e-02,1.907563193884136143e-01
1	6.832708730294042576e-01,4.743829281826085764e-01,4.042220917455168760e-01,2.672888683583521385e-01,2.359955407429447649e-01,1.325481711098465132e-01
1	8.732314863452023124e-01,2.291196127795446791e-01,3.926352384366612602e-01,8.958755460714656893e-02,1.473777464719203678e-01,3.259468878907219314e-02
1	7.494709574887070680e-01,5.295663052914217905e-02,6.503455696232470773e-01,5.132978488788675353e-02,9.418875281613317552e-02,3.214422594618481649e-02
1	8.262612765104377921e-01,1.712089176996505202e-01,4.663344637607244603e-01,2.449451779846344435e-01,2.057756100976295202e-02,1.004509886134480889e-01
1	7.938327226241386203e-01,1.342120878883233115e-01,5.717659253938766062e-01,1.108838586843362006e-01,6.407786034556718635e-02,9.219136733498754788e-02
1	8.647904192266667733e-01,3.282397000992267055e-01,3.343912370064202610e-01,4.332364454297017026e-02,1.399606089482847149e-01,1.054173632386592174e-01
1	4.924764469635837250e-01,3.323013610763453363e-01,7.261804962995134227e-01,6.806348053625144168e-02,3.306981527553629618e-01,7.556941040266888787e-02
1	6.821145400793847680e-01,2.697261327211312731e-01,5.890299353516170733e-01,1.226794382961069046e-01,3.129801202440885555e-01,4.477167129569262216e-02
1	7.839580179257570336e-01,1.959895044814392584e-01,5.407533297078824797e-01,4.308256371574073484e-02,2.281206251423394116e-01,2.624213713141042292e-02
1	7.472331921548335254e-01,4.161773707219049157e-01,4.046375688503673351e-01,3.110783149671483838e-01,2.630578491146208855e-02,8.512154928897637529e-02
1	5.711664223936341322e-01,4.555832615842871913e-01,5.572458227341142711e-01,1.058809246830148959e-01,2.035360404763134901e-01,3.210174648755949600e-01
1	7.738381276769601413e-01,4.494559087700468192e-01,3.942540223946597866e-01,6.911301467158992295e-02,1.472050303343653554e-01,1.314601623991175083e-01
1	6.388763946844310260e-01,5.473914207575457658e-01,4.614107294943113335e-01,1.854373849098898408e-01,3.169707602860962620e-02,2.095423469196708022e-01
1	8.169784238465911397e-01,2.917780085166397086e-01,4.562090346065008628e-01,6.084983306645405654e-02,1.703607081984251093e-01,8.099192784792531852e-02
1	8.357051725665558539e-01,3.773180223776876896e-01,3.954756987740580265e-01,3.413040418072933735e-02,2.953447778994679890e-02,2.810295973380141921e-02
1	8.435102735264859986e-01,2.274329501979392709e-01,4.846912992159574940e-01,1.234154433934301839e-02,1.037032545180906380e-02,3.973863003709753733e-02
1	8.509282572307824699e-01,2.714468731362424947e-01,3.885728589441905245e-01,4.258436684268233907e-02,1.276771925657605999e-01,1.820272935628382271e-01
1	3.546443146965287951e-01,1.094862330550546436e-01,1.085374788691356174e-01,1.802632953246133540e-01,9.035934866692724166e-01,3.851941994831211552e-02
1	8.751489407503387774e-01,2.493387007113249676e-01,3.879257069671889213e-01,7.407309146279693335e-02,1.081408180082220200e-01,6.539824391229313860e-02
1	6.722960276647289568e-01,4.096012396751739226e-01,6.054765085893325516e-01,1.567967054115801395e-02,1.150646592020364983e-01,1.254373643292640977e-02
1	8.264768413470447994e-01,3.766908493652939560e-01,3.112036354554400530e-01,1.660955124954482387e-01,9.313154106358795606e-03,2.247618248062788204e-01
1	8.241740390808797168e-01,1.519143316943535049e-01,4.812736302146092271e-01,2.487473759916363769e-01,4.175175690021228764e-02,4.915705162068913225e-02
1	7.411159336454281599e-01,3.620407717290226590e-01,5.330444563213758702e-01,2.411205934974604281e-02,8.289270154564436222e-02,1.675848105054488502e-01
1	7.837602243353245512e-01,5.040086881632812599e-01,3.522717968858552484e-01,8.206614964863605255e-02,8.548557255066254607e-03,2.813900096459309025e-02
1	8.117352789472747077e-01,4.663390230177540396e-01,2.883921952714159631e-01,1.114632971796869210e-01,1.272412068261266106e-03,1.673858075797695633e-01
1	5.100007344924034625e-01,5.568873365356217242e-01,5.696112099525545425e-01,7.059135251859993687e-02,2.928233882253034048e-01,1.207896476429376614e-01
1	5.281759692362171243e-01,4.279865858947073387e-01,6.716950622537816162e-01,1.496752266327416592e-01,2.404274600916446736e-01,8.046946082695873026e-02
1	4.997708445648024744e-01,1.901210926462772177e-01,7.889662518307821726e-01,9.524195957948047983e-04,2.855217888250568548e-01,1.004575906993091794e-01
1	6.584448237801140413e-01,6.085756037871149493e-01,4.086098098936182255e-01,1.008384963093733322e-01,7.785954199887371030e-02,1.135502582683731165e-01
1	8.475515289756750947e-01,2.859918809397071771e-01,4.219002137016114040e-01,3.474704614482152648e-02,9.421187738811837020e-02,1.085450339228572481e-01
1	6.175461391724756943e-01,5.953763986345919079e-01,4.872920027454074599e-01,1.212977823943072325e-01,1.092454047452830757e-01,7.905917448671801254e-03
1	7.096579457468044083e-01,3.939159984975109108e-01,5.462031113187135745e-01,1.672112498776805456e-01,3.238639265997576844e-02,1.177687005817300708e-01
1	4.991547849214189592e-01,4.410212480814572067e-01,6.971659445333022731e-01,3.194368406564450369e-02,2.562240596420702898e-01,6.027634297604224367e-02
1	5.612557298832997477e-01,3.765748078973769619e-01,5.878807645077446242e-01,1.574265683612636468e-01,3.889675512862095230e-01,1.466313270498977583e-01
1	8.582305380766334091e-01,2.406111907121394888e-01,3.481521707508985486e-01,8.519386313763159524e-02,2.774947817140003825e-01,8.678492000437854070e-03
1	5.683998382663768556e-01,5.064145248866233073e-01,6.038905442457578321e-01,4.042758934591002967e-02,1.940195163045912718e-01,1.284686760490112434e-01
1	5.629356456294355437e-01,4.359830036907826334e-01,6.731858013790833484e-01,8.832384671963672274e-02,1.306643055362096406e-01,1.223474296972399677e-01
1	5.686440506906433878e-01,3.935833842733336280e-02,6.541691604960100381e-01,1.670397728041565222e-01,1.297332908825135356e-01,4.499161719750145449e-01
1	7.797695138776808976e-01,2.646744410334577746e-01,5.271559883403474922e-01,4.918347358159830957e-02,2.013154758622586749e-01,3.265845299924600986e-02
1	5.866788004968348513e-01,4.683381195324982094e-01,4.907613537583135899e-01,3.115254681405920656e-01,3.055259405885344948e-01,7.229430700229436124e-02
1	6.757826116485540213e-01,2.395527418474792947e-01,6.178808651790155260e-01,7.552401713418066195e-03,3.221571355879894183e-01,1.770094151582359346e-02
1	5.129663222180281812e-01,4.480201217351525433e-01,6.720301826027288428e-01,1.078257382534229120e-02,2.577787416849273150e-01,1.339881073025092351e-01
1	6.168870416328462447e-01,4.316099875254127416e-01,5.865348866588896426e-01,1.238696054342550285e-01,2.371921299895290158e-01,1.324244599249840837e-01
1	6.465716814394896206e-01,3.453172136657470248e-01,6.100304743366935512e-01,3.278043770819184799e-02,2.874462696980316090e-01,8.284918845426569867e-02
1	5.840237750817744988e-01,4.243986626163008813e-01,6.324005117767591555e-01,3.267392578275491594e-02,2.789060799718339756e-01,3.925702728057429113e-03
1	5.136094202685110854e-01,3.576331032376590668e-01,7.082129526854556989e-01,8.899407466403693248e-03,3.265798516527610995e-01,2.177514592843456803e-03
1	6.505037482393468684e-01,4.527108100220560427e-01,5.350959432214089651e-01,8.234224661257555367e-02,2.790201335736544608e-01,3.062102295905153385e-02
1	8.372125768092033571e-01,1.606344619867777768e-01,4.942290773648589375e-01,5.108264885341299438e-02,9.495677060381822743e-02,1.318448506556295363e-01
1	8.604348711405264138e-01,2.251555524234102323e-01,4.042686573654375448e-01,1.069888085983580588e-02,2.130727367259837302e-01,3.034010990102690986e-03
1	7.719660129456479281e-01,3.332335294986821239e-01,4.701265178852111482e-01,9.936331203852889760e-02,1.527774835528941666e-01,1.969541053031286237e-01
1	6.087055436574203560e-01,1.952082688207280037e-01,7.404613451380239741e-01,5.234241757156995328e-02,1.970077839240854112e-01,3.919813333835059366e-02
1	8.231377055389615949e-01,2.799845310975221380e-01,4.469043432201479926e-01,9.757640130710232285e-02,1.224462142479601362e-01,1.407666814321507920e-01
1	8.339388378949320613e-01,3.201732487192444077e-01,4.090031431869396439e-01,9.945159548173041972e-03,1.710973367165280479e-01,7.333709489945290649e-02
1	7.655597015956944196e-01,2.239993697273917617e-01,5.405861078053774138e-01,1.116749435093874754e-01,2.420044737051572914e-01,2.172158836596163600e-02
1	8.730651857045452768e-01,3.391338217410068689e-01,3.236623380314163634e-01,7.900917837459938559e-03,1.068413314535958947e-01,8.068846753169016395e-02
1	6.254569133467815512e-01,3.826374006186582521e-01,6.494766405237751838e-01,4.457809628918030231e-02,1.799906193699609414e-01,7.866722874561229983e-02
1	5.480363384072848287e-01,3.583676069595597702e-01,6.815926277644895892e-01,1.206851364034514235e-01,2.401410053899713515e-01,1.855470701086017749e-01
1	8.244762197788207958e-01,2.175077871575497035e-01,4.742472070721816535e-01,3.263636693830067326e-02,2.134962337213835715e-01,3.705587496119555624e-02
1	6.849441840713726970e-01,6.009724865872163591e-01,3.729973321523272767e-01,4.846200218756339939e-02,1.306145554454599123e-01,1.055831308921238582e-01
2	7.686277426229789489e-01,1.178981141015160439e-01,8.096261469627918927e-02,6.223631649782410680e-01,2.947452852537901097e-02,2.349097762173063889e-02
2	6.995293613404904853e-01,2.694211013772773167e-01,4.052810594949998735e-01,5.135552393147077010e-01,4.988428242224332565e-02,8.712508312456322679e-02
2	8.182465227397729413e-01,8.066441074949820544e-02,7.486320312710278979e-02,5.596784115701485263e-01,3.908908945566437476e-02,5.994581209808599875e-02
2	7.307016057628336059e-01,1.052566637752686274e-01,2.040275791516157344e-01,6.384164387854081024e-01,3.453856376293150399e-02,6.782686277426366872e-02
2	8.045033875733588191e-01,4.437847849183124138e-02,1.311747483869537823e-01,5.527702940593506309e-01,1.587678325354307390e-02,1.667062241622022933e-01
2	8.476779786406031247e-01,1.122617492954031126e-01,3.374115337958071281e-01,3.756149742812720516e-01,1.080343194056180602e-02,1.174286080495848400e-01
2	8.803653598457236162e-01,1.587405926681238200e-01,1.743141734354258787e-01,3.484817719930418667e-01,4.195705877308443521e-02,2.148787708693162546e-01
2	8.848455601667457593e-01,8.365516589883890963e-02,2.175034313369811345e-01,4.021778624347422948e-01,1.655015714539191315e-02,2.686009110481638387e-02
2	8.425592697878927506e-01,1.363210259545490910e-01,2.684856905583161146e-01,4.355409114553454031e-01,1.307919214053436009e-02,9.776982113215772208e-02
2	8.364929483748592132e-01,7.388517738954833436e-02,2.798375928377988542e-01,4.642485532978159468e-01,1.731369279428108046e-02,2.617186120065744664e-02
2	7.207023342261071885e-01,3.401822585059797177e-01,1.855539591850798586e-01,5.683150247504378250e-01,8.228914711686149963e-02,2.608512179848224144e-02
2	6.972854502501338869e-01,4.355029465210017992e-01,3.931107881541807680e-01,3.780331648175279113e-01,5.113280957647486913e-02,1.551465589713553750e-01
2	7.801079604631854236e-01,1.777449524076001319e-01,1.733266418350652704e-01,4.606088771867586917e-01,3.307289559816194990e-01,9.085151114774797643e-02
2	8.591810434854494360e-01,1.176239776870141168e-01,1.582495760698743592e-01,4.681456695192959261e-01,2.159983605479897512e-02,5.746899385564390589e-02
2	9.172073863650643810e-01,1.286090847571303430e-01,7.165515848771197849e-02,3.667476889711359100e-01,1.117720803037335411e-02,4.926514622304688923e-02
2	7.466998274409351044e-01,1.054768145150722786e-01,1.039564279995397050e-01,6.478747039313178524e-01,4.656183703818505583e-03,2.727193312236553605e-02
2	8.601841856182298462e-01,1.704478541073666809e-01,1.870733245554740964e-01,4.299817467663177295e-01,2.015654381761694883e-02,1.036517162008112475e-01
2	7.814029253795110597e-01,1.364868724342900852e-01,2.467981802921409840e-01,4.811318060240728500e-01,7.590913727167367120e-02,2.694836695917216529e-01
2	6.805285441285663373e-01,3.681074287198323747e-01,3.451199219004606467e-01,5.114412947700326395e-01,5.869804548796792726e-02,1.313484012646989052e-01
2	8.568365389461904957e-01,7.725416513981483990e-02,2.726503604140120829e-01,4.136585899292426483e-01,3.274904826579107253e-02,1.154936850083519567e-01
2	6.635486060419397703e-01,1.710449873137521171e-01,4.530531448815765527e-01,5.191292035504587732e-01,1.738330066668695162e-01,1.596141079659708084e-01
2	8.264038686664194611e-01,1.007713068227175240e-01,1.584043811714980488e-01,5.265140002524215657e-01,5.738572209835657474e-03,6.752716436573855119e-02
2	7.236592049644972047e-01,2.639536293595016736e-01,2.346072320580415704e-01,5.734843450307682833e-01,6.344723885846406675e-02,1.367312589352946695e-01
2	8.060559640526987479e-01,1.261136599047782691e-01,2.910315228571805912e-01,4.898306675750457306e-01,5.429692590619041026e-02,8.238653557499291125e-02
2	8.353481622177222343e-01,2.238341826697268777e-01,3.657665479372337325e-01,3.413765141542046133e-01,3.207226473362177754e-02,2.720265385783627449e-02
2	8.992742960065902569e-01,1.797400551740611641e-01,1.803140753103456007e-01,3.518025910253181343e-01,3.917687430141213872e-02,3.444120817706561311e-02
2	8.913713699791891987e-01,9.190308857480432303e-02,6.982141109860177941e-02,4.338573867278248675e-01,3.018594840729024471e-03,6.240616725072396093e-02
2	7.414143089229231487e-01,1.510844273243743541e-01,2.064486987059331591e-01,5.963332363266696801e-01,2.551425759451355149e-02,1.690944915087368716e-01
2	9.005215006980895609e-01,8.122165606715857356e-02,4.580523627043245338e-02,4.242100060096751224e-01,5.824033477683851837e-03,1.943967931064745011e-02
2	8.476455391333700407e-01,1.224254415427997039e-01,1.049360927509711688e-01,5.024880968005188686e-01,4.703018162508511638e-03,5.459910148037225297e-02
2	8.972855993641403183e-01,2.555319940640091714e-01,1.458772542635844438e-01,3.272935793212123357e-01,1.461810070054138551e-02,3.109668694478804132e-02
2	8.004097824781823967e-01,1.733363508863681735e-01,1.587765994723068508e-01,5.455513751829104141e-01,3.934898334748473947e-02,7.010018245476946908e-02
2	8.265490005405402574e-01,1.945726144493454268e-01,1.321711878150151898e-01,5.050143139078516752e-01,2.059355039878631860e-02,7.762391998284332018e-02
2	8.417802899735957745e-01,2.541214186790993756e-01,2.586213309382545122e-01,3.900583285737956873e-01,1.631836313759540621e-02,8.678402214084830757e-02
2	8.837803670402515355e-01,1.152938540596418621e-01,1.768813360833527693e-01,4.096611410204296089e-01,1.096048408896550114e-02,8.006372663082418628e-02
2	8.354744928916870705e-01,1.887559891788839483e-01,1.651398640433040521e-01,4.878070682766849631e-01,1.859877986868013061e-02,2.794142277945898742e-02
2	8.783746031637085228e-01,1.694633196787005969e-01,2.712645575365963957e-01,3.301761697594464695e-01,1.022942220605974582e-02,1.305175676652683137e-01
2	8.303720337042108657e-01,1.514856437380715515e-01,4.333371522160177070e-01,3.028016506970411248e-01,1.543694689828052809e-02,8.846558030168456821e-02
2	8.647220366875781883e-01,3.191138834020644799e-01,1.011463364831183542e-01,3.743588788966298875e-01,6.024870118630977316e-03,3.267726166037140077e-03
2	8.856582199649288833e-01,1.288077953010003662e-01,1.148109915516858925e-01,4.116734338627279222e-01,2.245998741169067878e-02,1.259247327346963985e-01
2	7.394836429832648550e-01,2.345912758354950500e-01,2.136608815967127040e-01,5.847695859774084681e-01,5.928854531312219983e-02,8.372157695512932873e-02
2	8.487407812838984045e-01,2.192779362337859972e-01,7.723206771727988973e-02,4.741389834443027196e-01,1.174959100708154215e-02,2.540968461694056990e-02
2	7.453552346745428991e-01,4.064232897631599450e-01,2.882212349817690478e-01,4.215443014512629816e-01,4.849787895086708767e-02,1.270533786963780332e-01
2	7.637046417822461741e-01,6.027377637958291068e-01,1.064699616878798522e-01,2.038726834427269097e-01,5.421648619751564570e-03,2.308874498411441975e-02
2	8.010773007362408382e-01,4.310453023792612526e-01,1.402376069165823247e-01,3.895862198408353017e-01,1.133989858839190394e-02,3.004169033781272161e-02
2	8.519683626151187683e-01,2.418277842055992499e-01,2.215035207719375232e-01,4.019458392768833765e-01,2.744291407793916088e-02,6.551221969733597716e-02
2	6.821018709570133565e-01,5.487356842475077379e-01,2.541762693267676787e-01,4.063766121746385518e-01,4.479474973449042857e-02,4.326765599354188974e-02
2	9.183150026144737410e-01,8.619052026528285781e-02,8.856566973735213733e-02,3.728984671148750651e-01,3.270398119233838136e-02,3.608400159489849601e-02
2	8.838080647793566946e-01,2.272431434894290614e-01,1.357358373863032652e-01,3.703504027562619094e-01,6.405511427218806009e-02,8.693194079796950913e-02
2	9.131040670289410910e-01,8.741929774354813276e-02,7.877238894500153410e-02,3.893484483741179170e-01,1.658116027853168487e-02,2.294756565768138468e-02
2	7.207994213966645303e-01,2.448036082180866657e-01,7.047682131154965612e-02,6.368120220368349571e-01,3.982595767963106881e-02,9.185176568644025374e-02
2	8.021887052776475180e-01,4.224361491643028876e-01,1.455927645165215334e-01,3.648961515708424308e-01,7.616764328905935300e-02,1.337647808999909427e-01
2	7.768899970450778847e-01,3.151971637339741061e-01,4.191905188917436909e-01,3.435494768604887561e-01,4.760259214968325450e-03,5.764621598785817785e-02
2	7.534447841393945300e-01,2.351706383894332786e-01,4.273300863181968001e-01,3.843188958575269876e-01,3.701958183928294455e-02,2.129160920814250346e-01
3	6.478547089379119717e-01,2.159877484983154516e-01,3.708694153863034693e-01,6.163791073979565383e-01,1.231889922339638316e-01,3.147560153995551668e-02
3	3.203403829602283204e-01,2.901434221292103488e-01,6.045133033281727686e-01,6.443549208504664172e-01,9.047606515149100859e-02,1.561515845254159429e-01
3	5.278380114062172224e-01,1.167505222610458610e-01,2.990488713699973045e-01,7.848985783576679642e-01,2.680550107518183192e-02,3.926587071559838743e-02
3	4.504283797723288574e-01,2.310722231897413270e-01,1.875947398226534557e-01,8.380085291549311810e-01,1.751214656204426803e-02,7.722140728498921858e-02
3	5.848523331318040697e-01,1.699766413130961995e-01,5.242280936325167673e-01,5.864537281374456734e-01,5.627759591254598293e-02,8.453077922636480224e-02
3	6.203811451677937461e-01,1.074172737229712599e-01,1.760736118222983870e-01,7.154279075215168593e-01,1.956602548236079098e-01,1.498893627573898435e-01
3	1.752321905483874718e-04,1.945077315087100772e-02,4.101017366134094844e-01,9.112658015817975965e-01,8.761609527419372779e-04,3.212590160053770127e-02
3	2.272278424972823119e-01,1.031511948363666026e-01,4.629647902925140834e-01,8.321557670974221166e-01,4.975221771147984862e-02,1.686192090675285860e-01
3	5.782339824400930528e-01,1.238448305359551860e-01,1.333594873669982639e-01,7.893565029343190265e-01,5.554502366230547848e-03,9.699806909917420283e-02
3	4.955036863963153126e-01,1.745793119433318719e-01,1.963093363765831545e-01,8.133237716445486098e-01,4.597304488939560341e-02,1.478232954642945407e-01
3	3.866461178638677665e-01,8.609217733748149304e-02,5.980331604335767937e-01,6.879687385450529158e-01,4.304608866874074652e-02,1.014657804334603286e-01
3	3.671250727344327891e-01,2.313890036589229260e-01,5.556980009131613496e-01,7.050987749291588447e-01,4.919293778575526549e-02,5.739176075004780858e-02
3	3.051468647339083962e-01,8.333956266817897640e-02,5.561364990996279373e-02,9.442183655178891799e-01,1.914921990110261124e-03,7.276703562418992965e-02
3	5.974166442955750611e-01,4.117495183217213806e-02,3.070648621875272655e-01,7.395537935169662624e-01,1.253481005960959890e-02,3.494553107527524280e-03
3	6.720402018456426985e-02,3.362075598354700157e-01,6.122408087107026331e-01,7.057828061224112881e-01,4.958288239558507338e-02,8.379413395397553033e-02
3	3.825201049730622138e-01,4.447445292888159707e-01,2.302909500754114214e-01,7.678095862717212450e-01,1.143233164410441538e-01,1.566428484165707097e-02
3	4.801965391002914751e-01,3.098514173545300343e-01,2.903801877132900500e-01,7.589277541669436911e-01,7.749099195372101401e-02,8.430029480513730189e-02
3	2.436123568070378831e-01,2.375501588852893808e-01,3.242787001206265951e-01,8.734453876609550305e-01,4.458648794060175724e-02,1.190439672536899862e-01
3	6.388536597863633260e-01,1.396815629024421579e-01,1.319665928584119186e-01,7.444269340730929052e-01,2.666401927498169080e-02,7.579619692380581801e-03
3	4.711143669940567325e-01,4.310272709834157834e-02,3.551165573964692318e-02,8.796803857380471880e-01,3.228805009417384797e-02,7.227115882592858274e-03
3	3.903734204361521409e-01,4.244863902276129197e-01,5.954638960775555656e-01,5.279257179823649837e-01,1.134806454756256272e-01,1.458054353989856611e-01
3	5.770528022402162671e-01,1.620592197141479951e-01,4.129896244328287724e-01,6.694091317547307129e-01,1.786136561365609526e-02,1.475087413849744955e-01
3	4.777147188564357938e-01,1.013293091461191647e-01,1.633357831745419486e-01,8.536247229608390219e-01,2.030661088115926979e-02,7.586115168647125651e-02
3	3.150207735270419418e-01,2.359628418950495410e-01,5.968268361714962333e-01,6.930111031023229451e-01,6.867833448118376705e-02,6.245057619069859650e-02
4	3.509159610772983329e-01,6.509206551528956552e-01,5.333922608374934704e-01,3.471222750115978140e-01,1.856629960553835834e-01,1.169972782662041244e-01
4	5.168561600917257470e-01,5.058110876695802727e-01,2.183730583703712702e-01,1.165720896602347456e-01,5.283004519990090742e-02,6.426102979101296908e-01
4	5.386437809942650201e-01,5.618418886759221076e-01,4.706773953304628222e-01,1.845674005900258541e-01,1.933175640138087847e-02,3.717801994244511743e-01
4	2.475955370531325306e-01,8.594447912943338208e-01,3.804188229804386645e-01,1.640758237925546426e-01,1.638064053626817895e-01,3.973921840624270591e-02
4	4.961584496641328612e-01,6.852303193461765085e-01,4.142461192566087025e-01,9.696282749664204836e-02,8.159250734438039387e-02,3.108492042543687384e-01
4	9.218073482139295394e-02,7.438522616861439340e-01,6.406383115000282569e-01,1.172724020218107316e-01,2.171052055638984790e-02,1.163826265891717976e-01
4	4.303941033991728893e-01,5.133612192144176856e-01,2.355971738692788364e-01,4.267380837947561956e-01,2.791657142030621545e-03,5.600017504618163278e-01
4	3.355540333735924641e-01,8.962965084336500521e-01,2.294519061590144238e-01,7.548270054808793594e-02,2.926286978886079304e-02,1.576512885644917594e-01
4	4.313395349160247250e-01,7.003282660745547838e-01,3.249192359382567785e-01,3.353654002550928714e-01,7.747571868320121680e-02,3.153435853144903045e-01
4	4.768353741993890393e-01,5.818515397986023796e-01,5.959208964070131787e-01,8.345101610263225278e-02,2.592000141630331767e-01,6.932804151934175707e-02
4	2.917413241169269922e-01,5.797469361567469948e-01,6.501917924679074812e-01,1.544094325204223572e-01,2.138250436515526098e-01,2.940539077837075466e-01
4	1.592602263700534371e-01,6.776167593324566862e-01,6.618475070398804894e-01,5.348635280522930080e-02,2.260259495269258678e-01,1.532353268586597872e-01
4	2.893256609297892301e-01,5.511427299367237520e-01,5.958037379997113137e-01,2.407810869482809590e-01,2.456355443464317834e-01,3.731459586711934895e-01
4	4.729954571315088396e-02,7.659029551956320070e-01,6.321022947541506953e-01,4.867988265030509520e-02,8.558089010356094081e-03,9.570336097602513692e-02
4	3.494532821015056689e-01,8.399964395017949226e-01,2.622157848894158816e-01,1.878961478414240549e-01,2.466136940418690859e-02,2.600348474591136494e-01
4	1.252278685296867866e-01,9.247354412280137659e-01,3.317909230265194132e-01,5.348929057800692194e-02,3.649857474734589935e-02,1.220814396721569689e-01
4	3.399944751346682392e-01,8.049869190688467846e-01,1.114981881691632509e-01,4.309929964207117603e-01,4.799922001901198165e-02,1.894969207000577194e-01
4	1.443587784562245027e-02,9.122443664301558286e-01,3.942025785986759123e-01,1.464210467198848523e-02,1.095064448003645885e-01,3.093402395490524857e-04
4	1.567724100888261973e-01,8.105328753970019173e-01,5.392710703885349455e-01,1.523814815904876996e-01,6.651443540075717420e-02,1.138388869939609442e-03
4	4.056197803145499825e-01,6.738071312346218811e-01,4.865263291445195426e-01,3.242473588425652253e-01,1.273385221508158416e-01,1.529615174616507367e-01
4	1.977225292190522565e-01,7.872428405714405608e-01,4.583856706332368747e-01,3.397989988525089711e-01,2.777283791704406382e-02,1.216651068269544722e-01
4	2.859530908201992627e-01,7.382869559733304943e-01,4.485625676015848606e-01,1.177975882277158964e-01,5.656946327319690299e-02,3.935459915554953003e-01
4	3.918355214948017196e-01,6.066810354978114939e-01,3.102910369771949006e-01,5.556691890187606120e-01,3.388378123790967977e-02,2.687120380222507987e-01
4	3.695731557752363616e-01,7.699787957977867192e-01,4.749869194856476406e-01,1.070803844805363614e-01,5.729008897304960907e-02,1.737452152855395449e-01
4	4.361595493544819790e-01,5.746736006474832958e-01,6.568527966976286381e-01,1.234139870011017603e-01,1.402563664036050595e-01,1.147024114480828111e-01
4	3.570069312081004809e-02,8.032655952182260473e-01,5.276157990958930677e-01,5.697332834639075999e-02,2.662385022930997547e-01,3.134505300149553059e-02
4	3.624865238379286758e-01,7.416671757043382662e-01,5.225397797532623789e-01,1.233397467144875803e-01,9.568585577299998715e-03,1.737275111906950165e-01
4	2.811077510483397934e-01,5.113571918741180999e-01,7.087799051926066962e-01,3.837490680429638812e-01,4.161134472755029928e-02,9.015791357635898062e-02
4	3.075308771892205084e-01,6.679749945347093210e-01,6.189427874890763848e-01,1.126046226466040183e-02,2.753893635405781914e-01,1.333763491542300055e-02
4	4.421982644921813033e-01,6.147038365691226414e-01,5.995398887149200329e-01,1.104085790045661597e-01,2.063424805119389305e-01,1.112858321862142535e-01
4	2.239503899914634943e-01,6.647096612175081853e-01,3.655903136696295186e-01,5.374443128576822382e-01,7.214755000542651120e-02,2.833714051609074192e-01
4	4.697043908251684607e-01,8.133276145977383909e-01,2.148719961111763832e-01,2.120661697087136977e-01,7.000989426790014958e-02,1.477584387748506478e-01
4	7.425565927585134340e-02,7.521962726645062824e-01,5.986642874950989235e-01,3.323681300920458548e-02,1.953541380948867756e-01,1.761249849490780783e-01
4	1.988650065234998932e-01,9.059217319359778031e-01,3.247675959777976407e-01,1.220847885611417855e-01,1.328594710818263025e-01,4.157160972547566113e-02
4	3.525727782245641206e-01,6.907973370530514634e-01,5.681432035059434948e-01,2.543337599401351845e-01,9.835472973117148632e-02,3.668052861738983761e-02
4	2.825420963598808677e-01,7.258543803502995884e-01,5.108571872394813695e-01,3.265780148518758474e-02,3.592358163370634183e-01,4.704692146580658624e-02
4	2.297080019060508127e-01,6.895049476781957010e-01,5.441755899217141090e-01,3.704660561420139442e-01,6.723625594762515367e-02,1.841854376808881866e-01
4	2.569240995394222460e-01,6.724803123675192618e-01,6.892923201767071628e-01,5.501355030630324106e-02,6.000721599220066454e-02,2.996199411538451925e-03
4	1.345616726949356856e-01,7.380237528539352887e-01,6.135695865991809272e-01,2.170916600630248827e-02,2.201678576752539862e-01,1.086337213918618511e-01
4	2.723651316810593026e-01,7.233511171622550862e-01,5.637324818514948266e-01,1.594979863044785617e-01,2.037761716098822340e-01,1.334981254507606185e-01
4	1.501838430897794660e-02,7.996826114150850096e-01,5.470894563912460651e-01,4.938143647272996012e-02,2.415920340073859918e-01,1.304065468804257999e-02
4	3.965516909033515724e-01,5.497917981232048890e-01,4.796321726587995382e-01,1.501191274394082509e-01,2.194672981608978557e-01,4.896193079562238260e-01
4	5.820052469059223688e-01,6.098376965962838403e-01,2.905073841346273444e-01,8.310115761641743981e-02,3.664770955670376001e-02,4.435363334997822204e-01
4	3.082550702083234340e-01,4.768819030645229384e-01,4.757219592443598932e-01,2.225642204937800794e-01,3.407334971728880751e-02,6.328943468764495206e-01
4	3.766135523316292005e-02,9.261021529272104313e-01,8.236870841508622809e-02,3.033748694276127700e-01,2.659616127137724023e-02,2.034407858444900741e-01
4	5.827143875429807544e-03,7.535079745318284949e-01,5.773534151775853163e-01,1.896735331452402418e-02,2.556076660957285474e-01,1.820982461071815051e-01
4	2.671589342835787861e-01,8.565167874361820921e-01,3.742439265248789226e-01,1.150210984243804808e-02,2.338878870696369239e-01,1.052320687712417213e-02
5	2.668717383399148504e-02,6.026068507298939503e-01,6.198750220342413852e-01,3.652479869828638426e-02,4.808924069301602766e-01,1.389826151040811364e-01
5	5.380800870820673376e-02,2.218584799549743469e-01,8.383727395886135803e-01,4.638511585503197338e-02,4.928099980504736521e-01,1.178742641920455360e-03
5	1.052523891623671493e-01,6.038511415922613867e-01,7.203451471887243329e-01,3.670057129954791553e-02,3.130018693414897690e-01,7.791983155789902749e-02
5	2.192548513294624579e-02,3.274746096607555335e-01,8.448136829922187063e-01,3.996922095247204543e-02,4.195701785363021297e-01,3.054211547702239890e-02
5	1.244277353878033843e-01,2.702512249407883482e-01,8.656971406154768678e-01,4.175287948739312555e-02,3.991450643533626108e-01,3.147045394199034229e-02
5	1.482419603884018167e-01,3.712201238307903939e-01,8.314068229506144103e-01,1.440691444698542212e-01,3.530844238771028154e-01,5.964986857923782609e-02
5	4.674279818149798538e-02,1.974311195917816952e-01,8.565699484938144037e-01,4.110424385540819014e-01,2.500576266352864258e-02,2.356752271948255040e-01
5	2.082644796295022582e-01,5.098144534786059889e-01,7.145620107803068999e-01,6.981613135882829002e-02,4.254431386245207114e-01,1.549535085021376025e-02
5	1.549941929891139603e-01,5.189626308150230294e-01,7.854891368129488516e-01,3.439905264803212390e-03,2.775738940598899696e-01,1.122599852763663669e-01
5	4.354999905627270768e-02,3.615009839018207272e-01,8.023997346781353013e-01,6.266161021237254269e-02,4.548635438621276283e-01,1.129060719334937790e-01
5	1.098398670752495226e-01,6.386486141678256179e-02,8.630476794430989029e-01,1.679979286264762176e-03,4.886303111851905689e-01,1.558148727337164800e-02
5	4.920128667315694197e-03,2.634161194193633260e-01,8.916366507102106986e-01,9.587943043999814022e-03,3.650987785438876143e-01,4.672019614861312731e-02
5	8.742881766808824340e-02,3.345302654984218527e-01,9.258251639378607400e-01,1.127371596246401070e-01,8.466790763646440954e-02,5.843926233603793235e-02
5	1.587497706574797366e-03,5.470431286169909896e-02,9.555878086711862007e-01,5.878032048668844177e-03,2.894823520610853573e-01,4.719587776303451991e-03
5	5.238527542413545096e-02,4.180923653400113182e-01,8.444841420480905247e-01,6.342577678532679286e-02,3.227633466902764536e-01,3.319764547227188611e-02
5	4.079894493642113873e-01,5.114669411168564217e-01,7.115804375641203716e-01,7.782191528504708855e-02,2.067576329170777716e-01,1.295935529260716645e-01
5	3.749220062055946268e-01,4.896679569539394428e-01,6.412508737851442264e-01,1.293688678701742645e-01,3.607785289893989389e-01,2.481101511654670300e-01
5	3.659984557826889140e-01,3.973594290916103167e-01,7.988376956915351768e-01,2.630275180748247940e-02,2.518271704644957087e-01,7.681270651470845090e-02
5	1.181063452872237879e-01,5.882057809052982922e-01,7.453650388087692535e-01,3.325240647765746044e-02,2.470671030516103650e-01,1.494922522648400309e-01
5	3.291295459819467140e-01,4.364053081847410476e-01,7.870897161729900615e-01,3.618870709629530558e-02,2.817088495680816207e-01,3.231762983802060479e-02
5	4.557813934985412152e-02,5.604009554355983136e-01,6.907649419045615025e-01,2.909382670314895891e-02,4.536141332700899809e-01,1.024523017086058189e-02
5	1.740834661054856125e-01,4.790625996461546077e-01,7.541766487592881374e-01,3.131392960143636328e-01,2.590157694031237079e-01,7.915912712577247157e-02
5	6.781531954330601020e-02,1.903806218371710268e-01,9.767894649815637154e-01,1.534658607402032172e-02,6.926702363138902141e-02,2.281249281273291067e-03
5	3.286216721080512104e-01,4.192199394184724648e-01,8.435542971528557921e-01,1.055356160426053867e-02,6.600035064818321473e-02,1.453144251663566512e-02
5	1.652535181085640348e-01,5.423948531192491762e-01,6.655554939737449160e-01,4.249279347918736294e-01,2.344593597774909666e-01,2.033472331114405678e-04
5	4.536341821210000402e-01,4.310088951769053822e-01,6.594058067721552119e-01,1.556123226728505227e-01,3.858711656126267986e-01,2.279455342996069764e-02
5	4.921094345363469930e-02,6.831116215380442780e-01,6.798662955309100475e-01,1.622663003567091297e-02,2.376168696496246402e-01,1.095150012589280603e-01
5	4.195283885382865979e-02,4.991671701178517773e-01,8.648968613208232181e-01,2.008126639304885080e-02,2.494493121038460562e-02,8.951530338654762730e-05
5	3.930467999509999477e-01,4.756594557551830360e-01,6.651011326668847534e-01,1.104033923700035030e-01,4.007316981653425425e-01,6.424932344316675037e-02
5	1.010926019409189441e-01,4.405940980052293066e-01,7.442195400107265435e-01,9.247122460895611587e-03,4.748710256234363047e-01,1.273043701195478716e-01
5	2.513535784419922425e-01,6.265227040682148640e-01,6.246900965243225023e-01,4.856409991314864644e-02,3.853057361033774830e-01,5.686810284641109076e-02
5	2.490083596259088650e-01,5.485487704037330658e-01,6.519908515853010122e-01,2.175001394958910594e-01,3.883749074247207500e-01,1.177099544479910248e-01
5	6.806951620793391666e-02,5.181911762026518709e-01,7.797794508130007074e-01,7.636249247833712395e-02,3.243368638470991994e-01,8.810688083815670923e-02
5	2.060062300684790959e-01,3.306748844503840101e-01,7.940358968830801834e-01,2.692891896319988265e-01,3.658048832796492733e-01,1.067364424359558972e-01
5	8.421260681709417939e-03,1.630449637542073504e-01,9.493567875180417559e-01,4.486660552088517911e-02,2.628369028324639700e-01,3.115866452232484568e-02
5	1.468507619653757201e-01,2.083823047819567675e-01,7.813771401381995885e-01,2.779937471603110763e-02,5.689266341782870384e-01,3.333664854158201706e-03
5	5.641637096151895167e-03,2.614075325297710584e-01,8.680762470991981727e-01,2.162043533121564901e-02,4.128907447450794188e-01,8.444935032127992569e-02
5	2.454293087193213339e-03,2.791491615694541850e-01,8.662587513841090159e-01,1.547271728882678062e-02,4.133883225994134381e-01,2.315572173569249367e-02
5	4.313983248490192040e-04,4.198943695197120407e-01,8.990341089853560730e-01,6.327175431118949034e-02,3.206727548044376042e-02,1.019538041059848688e-01
5	1.629389436872381303e-01,4.256814366380637371e-01,8.428161604938865237e-01,1.348175016295422024e-01,1.131750192616095552e-01,2.256607874923932389e-01
5	1.934946251280741381e-01,5.779174104716735538e-01,6.738863689228883347e-01,6.799028358490276369e-02,3.977179150545085973e-01,1.079177459129180700e-01
5	1.778289864309802459e-01,5.200050748663646027e-01,7.613601145464835573e-01,8.257654211277903888e-02,3.160915729143999875e-01,1.075619909685533587e-01
5	3.644615347209519962e-01,3.884646789455718507e-01,7.585445044777201495e-01,1.096068341291418606e-02,3.722368478971611605e-01,4.682745064510476785e-02
5	2.606949024061259168e-01,4.324072274227070412e-01,8.003622096010950537e-01,1.991285785906570793e-01,4.232684762313483617e-02,2.510751643099589092e-01
5	1.431358229313943742e-01,4.102776951021669949e-01,8.239834740692913995e-01,9.111953485612125925e-03,3.625864765663608380e-01,2.614580025501178975e-02
5	2.501426796761976323e-01,4.620101141605161832e-01,7.863709515428383146e-01,4.827095666745138958e-02,3.092423237755190235e-01,8.737917781562813679e-02
5	1.061500057390982327e-01,4.582413028971831226e-01,8.004340341467638398e-01,1.363994693895618227e-01,3.446846779118615256e-01,2.530018069621154525e-02
5	1.154661988497271592e-02,5.029897429344278859e-01,7.593879735308768364e-01,1.492097455455378315e-02,4.121985126060122573e-01,8.224989507103852224e-03
5	1.379869263675310154e-01,4.431029778693307275e-01,7.603436611705968184e-01,1.092140057266653697e-01,4.380561768157457125e-01,5.172971079924612581e-02
5	1.880162178412171370e-01,6.441531453767163073e-01,6.842872977366363241e-01,1.351456150895265912e-03,2.848705753220445169e-01,1.773274282841363902e-02
5	3.423056996793114037e-01,3.561045037958391335e-01,8.004428241579308878e-01,2.437227800256629162e-02,3.375097738583230922e-01,2.829876697881402586e-02
5	2.384866542007698376e-01,4.744291557825147665e-01,7.953242317734393607e-01,6.784406984066426727e-02,2.786768912259459663e-01,5.689315204573096307e-02
5	1.776576556277102148e-01,2.426515606410120374e-01,9.455379844079908613e-01,3.298455020533851145e-02,1.382482886867231545e-02,1.193180250906158424e-01
5	3.277932402974466086e-01,1.493168594606466837e-01,8.757911420217054932e-01,2.317679199035627136e-01,8.379172809239432678e-04,2.225508298133993534e-01
5	3.957610514910971100e-02,4.186772966587388178e-01,8.435752277311587832e-01,3.414198773026176637e-02,3.312309071422777640e-01,2.538304846961869643e-02
5	2.504634436625885474e-01,4.669206346437158595e-01,6.001857176157031626e-01,2.903838272451735314e-01,5.239919978395595201e-01,1.182826180224739315e-02
5	2.912784589554823778e-01,5.081744806878858434e-01,7.391952524674377800e-01,1.129188701248229620e-01,3.118918896965590104e-01,2.187951477891629179e-02
5	1.080162869731022841e-03,1.841077602408210112e-01,8.901742227549996889e-01,2.100316691143655490e-02,4.162227591363541479e-01,3.240488609193068522e-03
5	1.519636567467983184e-03,3.747066213830760328e-01,8.193165248696792080e-01,6.436107815158516798e-04,4.332036901919611993e-01,2.544050394714047342e-02
5	1.891503641292121840e-01,4.612463010776104433e-01,7.184514156059471635e-01,2.287771808173099941e-01,4.160815752250269228e-01,9.919010636834418859e-02
5	4.040706148497098527e-01,4.988956154609923144e-01,6.783965463233474491e-01,1.245411345896934446e-01,3.301458184547916286e-01,5.569087337488018430e-02
5	2.211874632920221018e-01,5.072964360800269468e-01,6.682252607238440278e-01,3.443350779897424996e-02,4.949816746102548293e-01,3.176331680067416563e-02
5	4.282595694069018522e-01,4.571779928377223690e-01,7.101278119612858264e-01,3.877237323604859620e-02,3.181503189230895923e-01,2.403315206426245160e-02
5	3.143443733593679346e-01,5.764044047588336994e-01,6.085526017019922129e-01,2.205110981660694715e-03,4.393973777140731118e-01,7.439348101286868964e-02
5	9.267192094130882740e-02,6.759758567051253886e-01,6.075460780891174251e-01,5.915806373412979546e-02,4.011712731817517752e-01,3.030267790662611802e-02
5	6.487645036013969801e-02,5.607360650735212504e-01,7.709484851129935201e-01,8.522984655155607658e-03,2.867284688465782105e-01,6.869271214603027420e-02
5	7.319977532458134956e-03,2.720465876753770940e-01,9.357497051802151633e-01,7.395441218359765159e-03,2.241271471278418470e-01,4.678748525901076094e-03
5	2.960847503105777309e-02,6.315469633406681771e-01,6.954071976744566896e-01,4.486498049512623737e-02,3.383567279007437256e-01,1.350773606304876001e-02
5	3.763997407907545556e-01,4.555707648471307714e-01,7.867620515602387066e-01,2.687766299641181425e-02,1.729616974413446251e-01,3.385011113774039765e-02
5	2.238027870189060187e-01,5.230990795525647385e-01,7.330330743401646254e-01,8.746018642805007681e-02,3.584464143936765268e-01,5.300057750179554966e-02
5	1.278791012143354333e-01,5.512678307230421959e-01,7.445926084597936923e-01,4.629084436951381998e-02,3.497044155011714284e-01,2.994229810998029484e-02
5	1.140216255080945124e-01,5.169739765624820071e-01,8.067498511215646095e-01,6.129167623187291303e-02,2.495761780376983263e-01,5.335462463350088003e-02
5	8.189993058706418472e-02,1.432194855422830315e-01,7.347615672509099083e-01,4.882569563309301086e-02,6.561192380208417108e-01,5.442110502275673313e-03
5	4.696741537255692545e-01,3.176256264655701322e-01,7.828034035095207122e-01,4.216339186535383865e-02,2.514026751634849122e-01,2.753044669973524899e-02
5	2.291632437819753412e-02,3.911399910915079325e-01,8.886886492258351256e-01,8.898104273422503818e-02,1.955900272978327858e-01,1.026827611561543369e-01
5	5.572640807787191536e-02,5.026802458394429296e-01,8.021382784368422669e-01,3.168043702469885373e-03,3.105721531273756275e-01,6.569795546925254193e-02
5	2.440992518308980896e-01,1.264146148590113150e-01,7.578074311368893090e-01,4.902392777133317558e-01,3.281111169524473237e-01,4.659767417672973366e-02
5	3.020523780738902930e-01,6.011907748097147230e-01,6.247758112646853990e-01,1.210212874465481508e-01,3.606962525024659527e-01,1.106402289296884861e-01
5	1.612445445606156547e-01,4.472112664761190293e-01,7.757760391138172062e-01,6.232695562398056499e-02,4.066611989617220368e-01,5.399849057893606197e-02
5	1.391319666867928129e-01,5.337689313554258019e-01,7.704321091872369243e-01,6.812805496352578039e-02,2.889740206167600300e-01,1.184059645217609563e-01
5	3.669997426962642861e-01,5.103037563843718649e-01,7.240695442447051544e-01,6.189209893506309942e-03,2.834114024861625336e-01,1.625517763239569397e-02
5	5.983366294378603123e-02,3.922507785165498806e-01,8.622002473013338220e-01,4.229946945867969939e-03,3.144811952827427093e-01,1.592728626544699308e-02
5	2.194711509736355093e-01,6.098068541692379663e-01,6.848312766492145043e-01,4.954028482938419020e-02,3.268999726213910328e-01,4.069772844631228820e-02
5	2.240268081053353386e-02,3.945361009410627839e-01,8.533643398272757752e-01,2.798557110776173085e-02,3.388494372120222642e-01,2.560306378346689522e-03
5	1.332769538733677983e-01,5.026240257503451492e-01,7.297423822613189337e-01,1.465742306536907680e-01,4.040025562962831218e-01,1.112669189412319043e-01
5	9.583594212138140354e-04,3.995293942660255726e-01,8.095474999753357048e-01,6.841621423665283919e-02,2.554027857534814649e-01,3.392592351096901937e-01
5	1.904640449076751285e-01,3.770673321483027918e-01,8.836845326797539979e-01,1.132488915667257540e-01,1.244021914937517848e-01,1.111040261961438319e-01
5	1.995013367943460347e-01,5.028506153233980314e-01,7.703251503440970982e-01,6.831306421748475910e-02,3.305007949316896565e-01,6.495216719407064139e-03
5	1.485718809583344222e-02,4.957157951205965474e-01,7.674309081809350674e-01,6.377162274980816004e-02,4.008583634318138023e-01,1.845719905751615902e-02
5	3.059328322368313341e-02,3.937262843969159820e-01,8.631941215021626812e-01,6.165010104166450053e-03,3.124223165570065852e-01,3.597028451754259726e-02
5	3.484910372183249727e-01,4.857337746048034366e-01,6.627255933828369860e-01,7.176515967602585533e-02,3.594039668367337570e-01,2.628498345837926298e-01
5	2.706994954023103639e-01,3.199065401231073191e-01,8.035328154592367156e-01,1.518735948172746488e-03,4.141896677856714559e-01,8.462396703218544314e-02
5	3.906922184018717381e-01,5.686127366978236397e-01,6.419797095638719586e-01,1.899613772474644247e-01,2.747709055146395074e-01,1.779953062397501493e-02
5	1.600601416553840417e-01,4.550905419765990945e-01,7.775838015332072750e-01,6.849798504760333528e-02,3.972130725658654105e-01,1.290667567859361473e-02
5	2.203665772275488210e-01,4.048453196328703485e-01,7.471541781606254595e-01,2.779398271338453727e-02,4.761628467051262636e-01,4.237818792837477061e-02
5	1.202996409094079927e-01,2.546168051943469846e-01,8.941924612987995902e-01,5.746487194745054233e-02,3.085249921062150347e-01,1.504268553284597298e-01
5	1.923767733331308016e-02,4.174846934530816456e-01,7.956269819935286591e-01,2.156787486946086171e-02,4.376978023131542495e-01,1.641976403378552982e-02
5	2.236916924409056429e-01,5.136855712466795731e-01,7.519981467656869922e-01,7.271348268788614677e-02,3.130589082605334528e-01,1.315097611623919360e-01
5	1.689407502030383645e-01,3.395367004407243705e-01,7.677921227385635650e-01,1.268986693229876700e-02,4.928633969835864437e-01,1.536025632153033282e-01
5	2.146509446796971143e-01,2.965321536032056171e-01,8.325430243386163776e-01,1.776614868497754240e-02,3.751627738083270214e-01,1.783340224466830881e-01
5	7.889128328836111925e-02,4.240059418565009230e-01,7.718574021073441038e-01,9.241663653186595745e-03,4.591877258066147105e-01,8.539614525884438312e-02
5	2.968309737329479989e-02,3.135812780249647713e-01,7.533741511804743496e-01,3.022845611768604571e-02,5.664719186383897487e-01,1.068124055086277502e-01
5	1.653860711170325737e-01,4.108275551066631892e-01,8.011244255229361677e-01,5.467720540808791718e-02,3.679840082353974529e-01,1.538375609786880593e-01
5	2.227500695573678413e-01,2.617217798401320072e-01,8.466795096726023040e-01,1.791934521825137572e-01,3.645001138211473868e-01,6.877360638134856485e-03
